# QR reference matrices for scripts/QrEncoder.gd (issue #214).
# Generated by tools/gen_qr_fixtures.py with python-qrcode 8.2.
# Each case: 'case<TAB>ecl<TAB>version<TAB>mask<TAB>text', then one line
# per module row, '1' = dark, no quiet zone; a blank line ends it.
case	M	2	5	http://192.168.1.42:8080/
1111111001110100101111111
1000001011001010001000001
1011101010101000101011101
1011101011111111101011101
1011101001100010001011101
1000001001001100101000001
1111111010101010101111111
0000000011000000000000000
1000001011011101111001110
0010010001111101110011110
1000101101001101001101011
0100010010001001100011001
1110101101001010111000001
1010100101100111000000010
1010001100011001010101011
1010010010110010100010101
1000001000011100111110100
0000000010001011100010100
1111111000110110101011001
1000001000010000100010011
1011101000111101111111100
1011101001011100001101011
1011101000001000010000101
1000001000001001101110001
1111111010010011101001001

case	M	2	3	http://10.0.0.5:8080/
1111111010111010001111111
1000001011111010001000001
1011101001000100101011101
1011101011110100101011101
1011101001001101001011101
1000001001101100101000001
1111111010101010101111111
0000000011111011000000000
1011011101110001001001011
1110010101000010000000010
1011101000101010101010000
1100110100010100001101100
0010001011011101101110111
0110010110011111001010001
0111111100010010100000110
1010000010110010101001001
0011111001001011111111111
0000000011000000100010001
1111111011100110101011111
1000001011010110100010000
1011101001100110111110010
1011101010100001001110111
1011101011100010011011110
1000001000011111011010100
1111111010110001000111111

case	M	2	6	http://172.16.254.1:51234/
1111111010110010101111111
1000001011110000001000001
1011101010100101001011101
1011101000110110001011101
1011101011010000001011101
1000001000011000001000001
1111111010101010101111111
0000000000101100100000000
1001111110110001010010111
1110110010111101110011110
1111111010001111011101001
0010100011010001110101111
0010011010111011011000001
1111000011001101000110010
1101111110000111110001111
1011000110110001000010101
1000111010101110111110110
0000000010001010100010010
1111111011111110101011001
1000001011000100100010000
1011101011100001111111000
1011101010011000001101011
1011101000010110000010111
1000001001101001011110111
1111111011010011101001001

case	M	2	4	http://127.0.0.1:8080/
1111111011001001001111111
1000001000011110001000001
1011101000101000101011101
1011101010101100001011101
1011101010111101001011101
1000001010000110101000001
1111111010101010101111111
0000000010110001100000000
1000101111100010111111001
1001100010000001010111010
0010101100101001100011100
1001110010010000001000110
1000011100010011001001111
1100010101101101000110010
0001101111011001101101100
0011000101010001111001110
1110001011001010111111100
0000000011000011100010100
1111111011000110101011000
1000001000001011100011111
1011101010110110111110111
1011101001101010101001111
1011101000011110001000010
1000001000110101010111110
1111111011101100001000111

case	M	3	3	http://255.255.255.255:65535/
11111110111000011101001111111
10000010111000110000001000001
10111010010001110001101011101
10111010101000001110101011101
10111010001011000111101011101
10000010011100100111101000001
11111110101010101010101111111
00000000100001100100000000000
10110111000011101101101001011
10000101100110011001001010001
10111011110100110110110110110
11111000100011110010011001001
11101110001000001110110101100
10010000100011000111111100011
00110010111100100011011011111
00011001011101010001100100010
11100111010110000001100110010
01100101000111000010000000110
10101110111010000110101111100
00010001111100011110001000100
01000111000111010101111111100
00000000100111110001100011111
11111110101011001111101011010
10000010111000001011100011011
10111010011110110110111111101
10111010101001101001100010110
10111010110001111110010001101
10000010011111001001110110010
11111110100110010100101001010

case	L	2	1	http://255.255.255.255:65535/
1111111010111100101111111
1000001011101010101000001
1011101000100101001011101
1011101000110100101011101
1011101011101010101011101
1000001010001110001000001
1111111010101010101111111
0000000010101001000000000
1110011011110011011110011
0110100101110011011001011
0110111000010011101011101
1110100011010001110101000
1111001001010010111000001
0101110011010011001000011
1100101110010101000101101
0001010000001010101000000
1110001100110011111110010
0000000011110011100010101
1111111001010100101011001
1000001011001010100010010
1011101001010011111111000
1011101001110111000111110
1011101010011010100110011
1000001011011001100110000
1111111011010011110001001

case	L	2	5	http://192.168.1.42:8080/
1111111000011100101111111
1000001001100010001000001
1011101000001000101011101
1011101010001111101011101
1011101011000010001011101
1000001000011100101000001
1111111010101010101111111
0000000000110000000000000
1100011101010101100011000
0010100101001101110011110
1010111110100101001101011
1110110111001001100011001
0101001111011010111000001
1000000000000111000000010
1001001100111001010101011
1011000010010010100010101
1011001100111100111110100
0000000010001011100010100
1111111011110110101011001
1000001010110000100010011
1011101001111101111111100
1011101000111100001101011
1011101000101000010000101
1000001011101001101110001
1111111010110011101001001

case	M	5	2	http://192.168.100.200:8080/?room=abcdefghijabcdefghijabcdefghijabcdefghijabcdefghij
1111111001000110111111010000101111111
1000001001100110000001000001001000001
1011101010100110000101011011101011101
1011101010110101110010000101101011101
1011101010010000101101111010001011101
1000001010000001111011101011001000001
1111111010101010101010101010101111111
0000000010110100100011001010100000000
1011111001101110010100111110001111100
1111110010111111001110010000100101010
1000111000110011001011001001100110011
0001100001010010000001011000011100001
0101011011100100010000000101001111111
0110110011001000101111111010010000000
1000011010011011100011101111000101011
1000110010011100101111111001001000000
0110111111011011010100111110011010100
0000100001011110101111010000100101010
1000011010010111111001000001001011111
1111100101001101001101001000000100001
0100111000011000010100000101101111100
1000000001011000101111011000000001000
0111001110001101000010101111000111011
1000010001011010100111001010111111011
1001101111101101010100101111011010100
1011000011011110101110010100100101000
1001111000010011011010101111110100111
1000100000011011000001111001000100001
1011111010001010010100010101111111111
0000000011011110101111111110100011100
1111111000100101110000101000101011111
1000001011001101101101101001100011001
1011101011101011010000101111111111100
1011101010110010101110010000001010011
1011101011101011100000100101010001011
1000001000110000101001101001100110001
1111111010101111010110110100000111111

case	M	9	2	http://192.168.100.200:8080/?room=01234567890123456789012345678901234567890123456789012345678901234567890123456789012345678901234567890123456789012345678901234567890123456789
11111110000100000011110100101011010000001010001111111
10000010011011101111101000010101001101110011001000001
10111010101110011100100100000011110100101001001011101
10111010111011000110110101110110010010010010101011101
10111010110100111010001011111010010010011110001011101
10000010101000100110100010001100101000100110001000001
11111110101010101010101010101010101010101010101111111
00000000100000010111110110001111100101001000100000000
10111110011001110101110011111100011011010111101111100
11010000111101001101101111101011110110010010010000001
01111010101010110111110101110100001011110101011000100
01010001100111100011110011000111110100001010000100010
00110111101010001100010111100010011011010011111011111
11001100000011001001001000001010110110010010010010101
11100110000110001111000100010101001111100101001110010
00101001110110011001011010000011111101001111010100010
11111111011011101111010101111010000011110001111011110
10101100101001010100101011001010010110011010010101001
10110110101111011101010000110100001001100101001110010
11101000001000010101000110001111110001001010111100001
11111010110001011010010101101000011010010001110011110
10000001100110001111000100001010010010011010010110001
01001011110100100011101110110101001011110101001011010
10100001111001011111000010001011110101101000000100001
01011111101110111000110111111000000010110111111111100
01101000101100011000001010001010110100000011100011001
11001010100011100101100010101100101111100100101010010
00011000110110000101000010001001100101001010100011000
01111111111010011111110111111010001010110001111111110
10011001011101111001001111100010110010000011100010011
11101110010111110010110010101100001011111000110111100
01100001110001100010000001010111110100001011001110011
10100111010001110100010000010110001010110110001101101
10111101010000100101101110010011010010001010001010101
10000010101001000001000010001101001111110100110011010
01000100101000010001001010110001110100101111011010000
00110110100000011101010101010010010010010100000101111
10111001001111100100101110100011010010000010101011001
00010010001001001000101010001100101001110100110101010
01011101111001010110011111010111110101001011001010011
01100111111111101111101010010100010011010100010101110
10001101001111011000110101111011110010000010001010001
11011110010111011101011001011100001011110101110000110
01100001100010011000010101110011110100001011001110011
00010011110000101101010111111100011011010010111111100
00000000101111001111001010001010010000010011100011001
11111110011101111111010010101100001111100101101010010
10000010100100100111000110001001111101001101100011010
10111010101111010110010111111110010011110001111111110
10111010100010011110000000010011010110010011111101011
10111010101100100000001101110100001001111100000010011
10000010000101110001010100001111100100001010110010010
11111110110100101001101011110000010011110001001011100

case	L	9	2	http://192.168.100.200:8080/?room=klmnopqrstklmnopqrstklmnopqrstklmnopqrstklmnopqrstklmnopqrstklmnopqrstklmnopqrstklmnopqrstklmnopqrstklmnopqrstklmnopqrstklmnopqrstklmnopqrstklmnopqrstklmnopqrstklmnopqrst
11111110010000001110001111101110100101010110001111111
10000010101110011101000101100100001100101111001000001
10111010000100001110010101001100111000001001001011101
10111010101111001110100101110001001110100110101011101
10111010011001100001011111111111000011000110001011101
10000010111110001100010010001001111111110110001000001
11111110101010101010101010101010101010101010101111111
00000000010101001001110110001011110001111001100000000
11111011110010000100000111111101010111000011110101010
00000101000101010011101011011111000001001010010010001
00000110001100000100111000000100001100111100111000010
10000000101111010001101111011100101100001010110101010
00011110111111011110100000101101010111100010110111110
11101101000101100001011100001110000101010111000100101
01011110100101111011110100000101111011110100101100100
10111101011010101110100111011111110001111011101100001
10101011101101110011000001110011000110100011111010101
10110100010110001110001010111110000111000010010000001
01110011001010011101001001100000001100101100001111000
01100100011100101100010111000010101101001010010001010
10111110001011011110100110101011000110000110100111100
10100101000011100101011100001111100001001111000001111
11100011010010000100010101000100111010101101001101100
10001101010001001001011111000001110001101001110100011
01101111100110000100000111111101011111110011111110101
01001000100101010011101010001111100011000011100010001
10011010111000000010101010101001101101101100101010100
01111000101011110011100010001010101100111010100011010
10101111101011011111100011111111011111100000111111100
11110000000011100101011101110110000111011110000011111
10101110111101110011110011111101011010101100010111100
11001100110010101110001000000100110000011011101010000
10111111011101110011000101010011001110000010010001101
00101101110010001110001100101110100101001010111110001
10111010010001011011001010001001101001101001100111100
10101000001010001110011010100011101101111011001101010
10100011000101011111100011010001001110000100010101111
10011000011010100101011101110111100011000111010010011
10110110111100001100100001111100001010101100010001000
00100000110111011000010111000100100000011101101100010
00001010000000000100010101001111010111000100110001101
11101000101011010011110100111111000011001011001111011
11011111110001000010101000001001111111101101100010000
01100001111100010001101101100011110101111111001101010
00010011110010111111100111111101010111000010111110101
00000000110010000101001010001110100101010110100010111
11111110110000110011001110101100001100101001101011000
10000010010011100110011110001100111100011101100010001
10111010111100010011001011111001001110100101111111111
10111010100001101110010011001110000101011110110000110
10111010111111011011010111101001111011110101010011101
10000010110110001100010001111111110001111000010001010
11111110100000101111100110100011000110100101011010100

